      0/29        0G   0.03492   0.01191     0.025   0.07183        32       128    0.5423    0.9641    0.6903    0.4424   0.02275  0.004966   0.01917
      1/29        0G   0.02339  0.009037   0.02476    0.0572        38       128    0.5687    0.9749    0.6722    0.4891   0.01312  0.003151    0.0173
      2/29        0G   0.02233  0.008884   0.02382   0.05503        35       128    0.6721    0.8196    0.7791     0.581   0.01303  0.002801   0.01496
      3/29        0G   0.02081  0.008411   0.02264   0.05186        42       128    0.5008    0.9979    0.6049    0.5027  0.009528  0.003134   0.02056
      4/29        0G    0.0185  0.007754   0.02229   0.04855        49       128      0.75    0.8181    0.8217    0.5955   0.01345  0.002644   0.01369
      5/29        0G   0.01711  0.007561   0.02191   0.04658        45       128     0.655    0.9103    0.8246    0.6086   0.01408  0.003332   0.01485
      6/29        0G   0.01578  0.007066   0.02201   0.04485        40       128      0.59    0.9767     0.825    0.6944   0.01233  0.002189   0.01916
      7/29        0G   0.01603  0.007086   0.02183   0.04494        38       128    0.7539    0.8448    0.8212    0.6298   0.01073  0.002771   0.01346
      8/29        0G   0.01504  0.006774   0.02189    0.0437        45       128    0.6075    0.9603    0.8452    0.7295  0.007015  0.002121    0.0181
      9/29        0G   0.01481  0.006843   0.02146   0.04311        41       128    0.7643    0.8604    0.8563    0.7379  0.008976  0.002457   0.01291
     10/29        0G   0.01461  0.006716   0.02151   0.04283        37       128    0.6318    0.9129    0.8329    0.6478    0.0111  0.002281   0.01606
     11/29        0G   0.01439  0.006558   0.02135    0.0423        40       128    0.6868    0.8621    0.8441    0.6842    0.0108    0.0023   0.01509
     12/29        0G   0.01377  0.006505   0.02154   0.04181        42       128    0.7164    0.8807    0.8298    0.7227  0.007799  0.002876    0.0141
     13/29        0G   0.01304  0.006273   0.02137   0.04069        43       128    0.7406     0.863    0.8579    0.7325  0.007028  0.002115   0.01332
     14/29        0G   0.01279  0.006191   0.02086   0.03984        47       128      0.82    0.8465    0.8855    0.7613  0.006743  0.002304   0.01358
     15/29        0G   0.01311   0.00629   0.01937   0.03877        45       128    0.7563    0.8616    0.8436    0.7083  0.007349  0.003884   0.01412
     16/29        0G   0.01206  0.005996   0.01958   0.03764        42       128    0.7212    0.9063    0.9404    0.8405  0.007009  0.002073   0.01425
     17/29        0G   0.01225   0.00606   0.02009   0.03841        39       128    0.6796    0.9534    0.9407    0.8488  0.005479  0.002609   0.01462
     18/29        0G   0.01147  0.005733   0.01941   0.03662        44       128    0.7208    0.8729    0.8859    0.7856  0.006493  0.003739   0.01591
     19/29        0G   0.01138  0.005686   0.01958   0.03665        48       128    0.8218    0.8376    0.9194    0.8219  0.006005  0.002505   0.01341
     20/29        0G   0.01122  0.005715   0.01936    0.0363        44       128    0.6348    0.8797    0.8206    0.7053  0.008983  0.002154   0.01921
     21/29        0G   0.01061  0.005454   0.01925   0.03532        52       128    0.7861    0.8892    0.9209    0.8385  0.006691  0.002166   0.01282
     22/29        0G      0.01  0.005316   0.01914   0.03445        43       128    0.6929    0.8562    0.8812     0.817  0.005619  0.002256   0.02177
     23/29        0G  0.009704   0.00512   0.01939   0.03422        42       128    0.8442    0.9131    0.9583    0.8612  0.006493  0.003193   0.01092
     24/29        0G  0.009713  0.005192   0.01909     0.034        37       128    0.6975    0.8562    0.8557    0.7913  0.005914  0.002404   0.01912
     25/29        0G   0.00958  0.005184   0.01856   0.03332        46       128    0.7318    0.9175    0.9451     0.915  0.004705  0.002774   0.01303
     26/29        0G  0.009227  0.005008   0.01903   0.03327        44       128    0.7978    0.9281    0.9539    0.8873  0.004747   0.00345   0.01082
     27/29        0G   0.00926  0.004998   0.01874     0.033        41       128    0.7265    0.8176     0.812     0.754  0.005309  0.002844   0.03183
     28/29        0G  0.008779   0.00494   0.01867   0.03239        41       128    0.7061    0.8111    0.8499     0.792  0.005521  0.005714    0.0292
     29/29        0G  0.009022  0.004899   0.01913   0.03305        52       128    0.6948    0.8412    0.8804    0.8353  0.005101   0.00157   0.02825
