      0/49        2G    0.1197   0.06685         0    0.1865       116       640 0.0004428     0.016  1.04e-05 1.792e-06    0.1036    0.0863         0
      1/49     2.06G    0.1099   0.07766         0    0.1876        75       640  0.004518    0.1636 0.0007831 0.0001208    0.1031    0.0846         0
      2/49     2.06G    0.1021   0.07848         0    0.1806        93       640   0.06472    0.2262   0.03583  0.006003   0.09067   0.08566         0
      3/49     2.06G   0.08818   0.07254         0    0.1607        75       640    0.1191    0.2305   0.06155    0.0115   0.08091    0.0756         0
      4/49     2.06G   0.08038   0.06801         0    0.1484        74       640    0.1899    0.2553    0.1183   0.02137   0.07213   0.06918         0
      5/49     2.06G   0.07658   0.05909         0    0.1357        79       640    0.2144    0.3076    0.1371   0.03036   0.07189   0.06847         0
      6/49     2.06G   0.07382   0.06059         0    0.1344        61       640    0.1761    0.2538    0.1094   0.02074   0.07218    0.0718         0
      7/49     2.06G      0.07   0.05983         0    0.1298        68       640    0.1362    0.1702   0.07492   0.01772   0.07412   0.08403         0
      8/49     2.06G   0.06906   0.06169         0    0.1307        60       640    0.4941    0.4967    0.4637    0.1123   0.05945    0.0561         0
      9/49     2.06G    0.0657   0.06023         0    0.1259        64       640    0.4869    0.4785    0.4254    0.1137   0.06093   0.06359         0
     10/49     2.06G   0.06032   0.05976         0    0.1201        89       640    0.5341    0.6012    0.5356    0.1796   0.05492    0.0559         0
     11/49     2.06G   0.05827   0.05767         0    0.1159        60       640    0.6584    0.5761    0.6189     0.215    0.0541   0.05224         0
     12/49     2.06G   0.05565   0.05817         0    0.1138        45       640    0.5906    0.6007    0.6006    0.2156   0.05228   0.05474         0
     13/49     2.06G   0.05405   0.05564         0    0.1097        38       640    0.6668    0.6476    0.6751    0.2594    0.0507   0.05231         0
     14/49     2.06G    0.0526   0.05482         0    0.1074        55       640    0.6473    0.6305    0.6403    0.2299   0.05131   0.05125         0
     15/49     2.06G   0.05264   0.05527         0    0.1079        23       640    0.7407    0.6109    0.6893    0.2703    0.0497   0.05352         0
     16/49     2.06G   0.05132   0.05548         0    0.1068        42       640     0.661    0.7076    0.7041    0.2916   0.04719   0.04983         0
     17/49     2.06G   0.05067   0.05415         0    0.1048       105       640    0.7281    0.6756    0.7341    0.2808   0.04814   0.04924         0
     18/49     2.06G   0.04964   0.05467         0    0.1043        36       640    0.7091    0.7105    0.7448    0.3106   0.04564   0.04909         0
     19/49     2.06G   0.04887   0.05406         0    0.1029        73       640    0.6758    0.6771    0.6969    0.2814   0.04696   0.05095         0
     20/49     2.06G   0.04868   0.05334         0     0.102        43       640    0.7182    0.7248     0.762    0.2983   0.04656   0.04827         0
     21/49     2.06G   0.04743   0.05224         0   0.09967        71       640    0.5277     0.472    0.4628    0.1533   0.06178    0.0681         0
     22/49     2.06G   0.04862   0.05478         0    0.1034        44       640    0.6564    0.7236     0.736    0.3115   0.04694   0.04936         0
     23/49     2.06G   0.04824   0.05329         0    0.1015        66       640    0.6253    0.6102    0.6402    0.2419   0.05031   0.05526         0
     24/49     2.06G    0.0477   0.05427         0     0.102        67       640    0.6803    0.6873    0.7089    0.2971   0.04548   0.05098         0
     25/49     2.06G   0.04786   0.05158         0   0.09944        32       640    0.6903     0.752    0.7611    0.3208   0.04536   0.04871         0
     26/49     2.06G   0.04673   0.05235         0   0.09907        52       640    0.7213    0.6778    0.7311    0.2906   0.04614   0.05078         0
     27/49     2.06G   0.04615   0.05284         0   0.09899        47       640    0.7647    0.7136    0.7837    0.3256   0.04353   0.04726         0
     28/49     2.06G   0.04617   0.05305         0   0.09923        42       640    0.7294    0.7433    0.7871    0.3378   0.04308   0.04736         0
     29/49     2.06G   0.04594   0.05074         0   0.09669        52       640    0.7396    0.7126    0.7777    0.3363   0.04343   0.04789         0
     30/49     2.06G   0.04515   0.05063         0   0.09578        98       640    0.7432    0.7431    0.7963    0.3494   0.04249   0.04679         0
     31/49     2.06G   0.04541   0.05156         0   0.09697        45       640    0.7118    0.7709    0.7951    0.3392   0.04339   0.04675         0
     32/49     2.06G   0.04512   0.05112         0   0.09624        56       640    0.7294    0.7433    0.7969    0.3516   0.04265   0.04692         0
     33/49     2.06G   0.04446   0.04968         0   0.09414        70       640    0.7462    0.7549    0.8078    0.3596   0.04211   0.04632         0
     34/49     2.06G   0.04428   0.04977         0   0.09405        82       640    0.7583    0.7309     0.808    0.3586   0.04172   0.04606         0
     35/49     2.06G   0.04418   0.05186         0   0.09604        34       640    0.7663    0.7251    0.7899    0.3527   0.04172   0.04701         0
     36/49     2.06G   0.04414   0.05081         0   0.09495        40       640    0.7547    0.7462    0.8172    0.3661   0.04149    0.0461         0
     37/49     2.06G   0.04391   0.05041         0   0.09432        74       640    0.7816    0.7185    0.8052    0.3593   0.04195   0.04614         0
     38/49     2.06G   0.04384   0.05161         0   0.09544        54       640    0.7733    0.7389    0.8176    0.3694   0.04114    0.0459         0
     39/49     2.06G   0.04332   0.05062         0   0.09394        48       640    0.7605    0.7461     0.809    0.3643   0.04194    0.0459         0
     40/49     2.06G   0.04383   0.04884         0   0.09266        64       640    0.7542    0.7629    0.8187    0.3708   0.04143   0.04568         0
     41/49     2.06G   0.04341   0.05064         0   0.09405        66       640    0.7679    0.7316    0.8065    0.3632   0.04126   0.04577         0
     42/49     2.06G   0.04354   0.05046         0     0.094        96       640    0.7693    0.7567    0.8247    0.3758   0.04093   0.04525         0
     43/49     2.06G   0.04365   0.04876         0    0.0924        64       640     0.747    0.7753     0.821    0.3753   0.04059   0.04529         0
     44/49     2.06G    0.0432   0.05073         0   0.09393        46       640    0.7306    0.8104    0.8333    0.3761   0.04047   0.04571         0
     45/49     2.06G   0.04307   0.04985         0   0.09292        60       640    0.7167    0.8015    0.8226    0.3716   0.04116   0.04571         0
     46/49     2.06G   0.04307   0.05031         0   0.09338        53       640    0.7261    0.8135     0.827    0.3776   0.04052   0.04507         0
     47/49     2.06G   0.04284   0.04929         0   0.09213        69       640    0.7515    0.7687    0.8233    0.3795   0.04038   0.04511         0
     48/49     2.06G   0.04316   0.05105         0   0.09421        76       640    0.7538    0.7775    0.8275    0.3768   0.04013   0.04523         0
     49/49     2.06G   0.04261   0.05013         0   0.09274        64       640    0.7605     0.762    0.8263     0.382    0.0403   0.04541         0
