      0/29        0G   0.04143   0.02424   0.01863    0.0843        46       640     0.372    0.8343    0.4619    0.2261   0.01364  0.006346  0.009271
      1/29        0G   0.02301   0.01151   0.01774   0.05226        42       640    0.5561    0.9585    0.6315    0.5442  0.005353  0.002204  0.009055
      2/29        0G   0.01975  0.008544   0.01815   0.04645        41       640    0.5855    0.9367    0.7593    0.6755  0.003881  0.001601  0.009173
      3/29        0G   0.01731  0.007736    0.0183   0.04334        36       640    0.6625    0.8493    0.7852    0.6264  0.004783  0.001719  0.007836
      4/29        0G   0.01541  0.006908   0.01637   0.03869        44       640    0.7438     0.895    0.8989     0.802  0.003977  0.001865  0.006147
      5/29        0G   0.01384  0.006719   0.01421   0.03477        44       640    0.6673    0.9556    0.9454    0.8831  0.003667  0.001347  0.008246
      6/29        0G   0.01287  0.006119   0.01331   0.03229        42       640    0.8238     0.915    0.9538    0.8673  0.004168  0.001218  0.005234
      7/29        0G   0.01168    0.0058   0.01256   0.03004        39       640    0.8148    0.8912    0.9598    0.8856  0.002986  0.001097  0.005872
      8/29        0G   0.01077  0.005391   0.01246   0.02862        53       640    0.6538    0.9889    0.9386    0.9296   0.00153 0.0009689  0.007582
      9/29        0G   0.01028  0.005286   0.01216   0.02773        45       640    0.8469     0.857    0.9447    0.9341  0.001649  0.001094  0.006049
     10/29        0G  0.009842  0.005175   0.01266   0.02768        38       640    0.8395    0.8895    0.9599    0.8234  0.004078  0.001189   0.00557
     11/29        0G  0.009141  0.004878    0.0124   0.02642        42       640     0.815    0.8893     0.947    0.9383  0.001583 0.0008881  0.005486
     12/29        0G  0.008635  0.004829   0.01196   0.02542        35       640    0.8513     0.907     0.947    0.9337  0.001675 0.0009754  0.005215
     13/29        0G  0.008394  0.004611   0.01143   0.02443        42       640    0.8127    0.9646    0.9614    0.9547   0.00173 0.0008591  0.004621
     14/29        0G  0.008222  0.004525   0.01161   0.02436        38       640    0.7792    0.8822    0.9641    0.9577  0.001468 0.0008327  0.006613
     15/29        0G  0.007329  0.004457   0.01143   0.02322        37       640    0.7049    0.9382    0.9585    0.9447  0.001868  0.001076  0.006871
     16/29        0G  0.007236  0.004384    0.0118   0.02342        44       640    0.8119    0.9027    0.9599    0.9455  0.001604  0.000816  0.005645
     17/29        0G  0.006795  0.004243   0.01143   0.02247        42       640     0.853    0.9239    0.9631    0.9496  0.001595 0.0007789  0.004567
     18/29        0G  0.007086   0.00424   0.01162   0.02294        38       640    0.8304    0.9368    0.9627     0.948  0.001545 0.0008615  0.004749
     19/29        0G  0.006482  0.004103   0.01208   0.02266        39       640    0.8262    0.9509     0.962    0.9493    0.0017 0.0008659  0.004723
     20/29        0G  0.005914   0.00403   0.01155    0.0215        46       640    0.7479    0.8803    0.9472    0.9355  0.001772  0.001052  0.007132
     21/29        0G  0.005675   0.00395   0.01161   0.02123        42       640     0.819    0.9387    0.9585     0.943  0.001603 0.0009309  0.005127
     22/29        0G  0.005902  0.003925   0.01208   0.02191        41       640    0.8371    0.9308    0.9635     0.954  0.001447  0.000792  0.004937
     23/29        0G  0.005392  0.003847   0.01139   0.02063        36       640    0.8355    0.9347    0.9624    0.9576  0.001317 0.0007809  0.004811
     24/29        0G  0.005605  0.003828   0.01152   0.02095        44       640    0.8349    0.9249      0.96    0.9546  0.001358  0.000982  0.004975
     25/29        0G  0.005506  0.003818   0.01143   0.02076        44       640    0.8589    0.8662    0.9627     0.958  0.001301 0.0007773  0.005165
     26/29        0G  0.005525  0.003693   0.01139   0.02061        42       640    0.8094    0.9088    0.9611    0.9539  0.001373 0.0008291  0.005556
     27/29        0G  0.005028  0.003678   0.01111   0.01981        39       640    0.8391    0.9448    0.9665    0.9617  0.001253 0.0008074  0.004498
